17550	0	47985
16380	0	49155
15210	0	50325
14040	0	51495
12870	0	52665
11700	0	53835
10530	0	55005
9360	0	56175
8190	0	57345
7020	0	58515
5850	0	59685
4680	0	60855
3510	0	62025
2340	0	63195
1170	0	64365
0	0	65535
0	1170	64365
0	2340	63195
0	3510	62025
0	4680	60855
0	5850	59685
0	7020	58515
0	8190	57345
0	9360	56175
0	10530	55005
0	11700	53835
0	12870	52665
0	14040	51495
0	15210	50325
0	16380	49155
0	17550	47985
0	18720	46815
0	19890	45645
0	21060	44475
0	22230	43305
0	23400	42135
0	24570	40965
0	25740	39795
0	26910	38625
0	28080	37455
0	29250	36285
0	30420	35115
0	31590	33945
0	32760	32775
0	33930	31605
0	35100	30435
0	36270	29265
0	37440	28095
0	38610	26925
0	39780	25755
0	40950	24585
0	42120	23415
0	43290	22245
0	44460	21075
0	45630	19905
0	46800	18735
0	47970	17565
0	49140	16395
0	50310	15225
0	51480	14055
0	52650	12885
0	53820	11715
0	54990	10545
0	56160	9375
0	57330	8205
0	58500	7035
0	59670	5865
0	60840	4695
0	62010	3525
0	63180	2355
0	64350	1185
0	65535	0
1170	64365	0
2340	63195	0
3510	62025	0
4680	60855	0
5850	59685	0
7020	58515	0
8190	57345	0
9360	56175	0
10530	55005	0
11700	53835	0
12870	52665	0
14040	51495	0
15210	50325	0
16380	49155	0
17550	47985	0
18720	46815	0
19890	45645	0
21060	44475	0
22230	43305	0
23400	42135	0
24570	40965	0
25740	39795	0
26910	38625	0
28080	37455	0
29250	36285	0
30420	35115	0
31590	33945	0
32760	32775	0
33930	31605	0
35100	30435	0
36270	29265	0
37440	28095	0
38610	26925	0
39780	25755	0
40950	24585	0
42120	23415	0
43290	22245	0
44460	21075	0
45630	19905	0
46800	18735	0
47970	17565	0
49140	16395	0
50310	15225	0
51480	14055	0
52650	12885	0
53820	11715	0
54990	10545	0
56160	9375	0
57330	8205	0
58500	7035	0
59670	5865	0
60840	4695	0
62010	3525	0
63180	2355	0
64350	1185	0
65535	0	0